275
2477
3853
5107
5765
6999
7126
7408
7534
11831
15781
15825
17351
17720
17724
17820
18046
18734
19642
21406
21831
22722
23421
25789
26525
26626
26965
27012
27277
30897
32947
34103
34389
34862
35394
35694
36482
36665
37521
38336
38356
40917
42648
43726
44541
45061
45195
46092
46705
48455
48635
49154
52181
53043
53150
53231
54172
54706
54777
55825
56091
56363
56453
56552
57175
57607
58892
59538
59705
60133
63459
64182
64457
65114
66629
68027
68234
68496
73222
73350
74454
75650
76267
76688
77210
77852
78725
78788
79622
82299
83312
83570
85570
87579
89008
92814
93188
93339
94266
94763
94876
95651
96575
96712
97161
97707
99312
101994
103579
105058
106402
106943
107350
108728
108760
115170
116795
117731
118800
119109
119636
121486
121632
121691
123073
123197
124398
125581
125983
127231
128918
133128
133267
134623
134849
136222
136281
137721
139262
139650
139789
144719
145470
146254
148020
148859
150310
151695
151769
152625
152886
152931
153109
153721
154057
155038
156740
157936
159848
159870
160374
160446
161857
162053
163222
163298
164354
166503
166566
166638
166974
167553
168762
169730
169748
170112
172193
172847
173661
174088
174115
174175
176196
176403
177411
178054
178068
178179
179522
180895
181064
183001
183010
183426
183622
185485
187042
187736
189384
189590
190501
190994
192322
193606
195921
198822
198980
199375
201443
201449
201645
202354
203001
203842
205959
207326
207600
208896
209371
211913
212285
212372
213150
214071
216183
216290
217314
220793
221364
221980
222236
223043
223779
223816
224775
225424
226791
228708
233218
233719
234984
236213
236737
237350
238484
239368
240686
241006
241332
241561
241588
241772
242110
242564
243517
245822
246183
246220
246238
246302
246529
247663
247723
247861
248385
250983
251207
252738
253112
254458
254487
255536
258518
260546
260591
260933
262651
264254
264850
266449
267691
267816
268145
268680
269106
269546
270873
271669
273092
273092
273924
275428
277061
278799
280492
280538
284286
286646
288908
289822
290695
290898
290918
291710
291896
292131
293454
294408
295084
297393
300025
300287
300489
300687
301436
301786
303937
304749
305119
305719
306669
306745
307407
307672
307728
308375
308605
308854
309193
310434
311919
313257
316490
316496
317329
318785
318947
319878
320876
321417
321660
321978
323323
324485
324861
325015
325144
326379
327113
328549
329420
332828
333117
334839
335663
336024
336205
336575
337274
338597
339203
342439
345388
345747
346277
346936
347813
349510
349649
350156
350269
350490
350647
351067
354050
354190
354905
356605
358308
358906
360240
360486
360576
360882
366085
367717
367851
368076
368107
368543
372548
374231
374532
375640
375850
377133
377862
378061
378188
380138
380481
383130
385146
386001
388916
388931
389115
391308
391807
393015
394425
394836
398310
398941
400332
401059
401109
401155
402142
403221
403369
403570
405278
406465
406774
407810
408284
409032
410730
411275
411415
412167
413293
414571
414610
414690
415382
418516
418614
418971
420773
421840
421941
423468
423485
423982
424963
425531
428076
428538
429287
430715
432287
434071
434450
434826
435663
435932
436965
439681
440923
441293
442698
443158
444569
444700
444919
445296
445832
445927
446111
446660
449735
450283
450361
450739
456882
457582
459140
462091
463580
466029
466309
467287
467657
467923
471715
472576
473932
474041
474132
476477
477206
480098
480253
480856
481294
481658
482900
486458
487089
488777
489184
489319
490432
491585
492636
493606
494765
495041
495087
496633
497044
498565
498704
501344
503103
503304
503440
504879
509364
511085
511236
512090
514963
515555
516348
518624
519909
520386
521394
521521
522814
525534
527438
527512
527720
528944
530916
532447
535127
538514
540406
541763
542785
543343
544589
546525
547073
547089
549427
550193
552661
553594
554374
555076
555766
556819
559593
560589
561071
563236
563417
563775
563787
563925
564284
564401
564424
564601
565448
565479
565678
566842
566893
569311
570605
570780
571602
572421
572938
573142
575022
575893
577125
577248
577589
577692
578531
578817
579044
579859
581249
584418
584978
585376
585559
586161
586303
587346
588958
589843
590726
591458
591464
591535
591601
592414
593884
595326
595745
596125
598919
599120
599297
601280
602086
603210
603243
604374
604453
606244
607814
608857
609498
610253
610751
612437
613277
613764
614788
615054
615104
616782
619258
619734
620852
620929
620952
624408
625016
625562
627294
628386
628539
628584
629338
629672
630016
630225
632127
633945
633970
636102
637007
637335
639258
639728
641505
641676
644577
645391
646897
648314
649767
650607
651543
657004
659315
659462
659870
660249
661640
662053
662055
664323
666377
666481
666818
667603
668098
669808
670167
670200
670330
670957
671274
672809
676012
678297
680319
681296
682270
683867
684781
685921
686121
686936
690641
691568
693202
694106
695668
695751
696466
696977
697368
697926
698361
699551
699858
699889
700064
700441
701086
702531
702543
703748
704443
705351
708820
710217
711076
712101
712101
712926
712957
713200
715441
716758
716848
717110
719770
720343
720455
720724
721003
723630
728207
728469
730133
731829
733397
733901
734383
734401
735485
735625
736927
737632
738336
740435
740657
742868
745373
745594
745822
746294
748157
748921
749673
750057
750454
751207
753335
753460
754113
754915
755146
755475
755653
758745
759829
760598
760754
762830
763367
764665
764913
765215
765714
765751
766176
767252
767458
768123
768550
769647
769943
769990
770205
770321
770750
770867
771351
772569
773258
773786
774127
774781
775021
776610
777163
778323
778352
779266
779512
779585
781210
781597
781838
781881
783405
785274
785606
787176
789916
792379
792687
792918
793074
793621
795024
795364
796082
796837
797543
797876
798371
801034
802045
805006
806099
807223
810175
812470
812671
812730
814834
815292
816433
816783
817169
817617
818236
821644
824984
825603
826151
826157
827188
830008
831122
834998
835547
837478
837821
837976
838106
838267
838712
840894
841824
842629
842806
846213
846352
846427
848241
848253
848343
849487
850136
850261
852240
852296
852831
853332
853646
854077
855138
855221
856487
857347
857762
859838
862922
863342
864117
864803
865873
865968
867377
867761
868482
869146
869972
869977
871517
872721
873221
873402
874101
875158
876934
878967
879987
880749
881545
882889
883151
883738
883903
885086
886109
887090
888665
890646
891183
891268
893247
894227
895198
895898
896101
897738
898642
899777
904347
905668
907232
907285
907778
908369
912892
913544
915678
916054
916401
916717
917754
918058
920189
920236
920959
922973
924828
926121
926641
927183
928539
928879
930073
931423
931838
932663
933005
934442
936180
936396
937013
941113
941347
941585
942377
942608
942623
942857
946365
948144
948182
949435
950994
952480
952840
953399
953746
954811
957207
958086
958379
958530
959084
959941
962641
963889
965009
965727
965881
967018
968721
969340
970233
970467
972168
973013
973059
973107
973139
975841
976343
976382
977205
978046
980681
981405
981856
983114
984263
984322
986030
987881
988824
989265
991563
993462
998237
998858
999389
1000252
1000292
1000997
1003528
1004197
1004835
1005551
1006547
1008301
1008577
1008675
1012660
1012754
1016134
1016370
1016526
1017196
1017410
1018614
1018789
1018903
1019966
1020020
1022413
1024221
1026556
1028544
1028730
1028894
1029493
1030608
1030734
1032234
1032481
1033170
1033512
1033513
1036587
1036665
1037163
1037850
1039460
1040717
1043501
1044301
1045049
1045218
1045659
1046934
1046995
1049879
1050720
1051517
1053154
1053769
1054128
1054813
1057647
1057959
1058000
1059248
1059860
1060320
1060864
1061042
1061359
1061624
1062389
1062527
1063316
1064112
1065830
1066472
1067484
1068534
1070280
1070745
1071504
1072621
1072780
1073387
1074451
1076340
1076728
1079575
1080138
1082030
1082448
1083838
1085949
1086075
1086154
1087542
1089571
1090291
1092824
1097792
1098652
1099032
1099372
1099481
1100022
1101533
1102267
1103914
1104775
1105406
1105421
1106588
1108509
1108783
1110839
1111231
1112390
1112760
1112929
1116471
1116667
1118088
1118525
1119750
1123219
1124424
1126249
1126660
1126678
1127458
1128058
1129988
1130285
1131967
1135062
1136379
1138272
1139180
1141412
1141590
1141636
1141847
1141955
1142526
1143055
1144009
1144742
1147709
1148277
1149709
1150157
1151901
1153285
1154222
1156779
1158212
1158611
1159811
1159897
1160287
1160818
1161219
1165561
1166784
1167322
1167698
1168622
1169023
1169924
1170777
1170813
1171216
1172932
1175095
1175354
1175530
1176868
1177184
1178567
1178992
1179880
1182803
1183673
1185609
1185651
1185931
1186638
1187860
1189283
1189508
1189590
1190478
1191546
1192117
1192377
1194536
1194731
1195101
1195747
1196251
1197849
1199131
1199134
1199286
1201200
1202154
1202580
1202772
1205005
1205450
1205559
1205634
1209355
1211463
1213084
1213669
1213839
1215350
1215841
1215851
1217593
1218380
1222284
1222668
1223875
1224277
1224500
1225888
1226654
1226816
1227855
1231175
1232007
1233807
1235375
1235517
1236134
1237113
1238225
1238429
1238915
1238935
1240176
1241389
1243340
1245254
1245261
1247303
1247865
1249252
1250904
1252059
1252964
1253397
1253753
1254621
1254908
1255301
1257017
1258632
1258635
1259305
1259416
1260855
1261545
1263896
1264615
1266405
1267363
1268446
1268919
1271287
1273332
1274025
1275084
1276885
1277421
1277800
1278313
1278771
1279396
1281801
1284734
1288202
1288306
1288314
1288804
1291757
1292962
1293552
1293687
1293979
1295260
1295809
1296607
1296767
1297867
1298164
1298419
1299366
1301872
1301926
1301977
1302453
1303069
1303475
1303840
1304344
1304698
1305375
1306033
1308945
1308951
1309948
1311699
1312281
1312461
1313452
1313795
1314561
1315095
1315821
1315986
1317325
1318330
1318895
1320455
1322287
1323638
1324582
1324674
1325508
1325778
1326371
1328316
1328477
1329627
1332871
1333088
1333447
1335306
1337676
1338505
1338731
1340016
1340680
1341541
1341756
1341916
1342989
1343995
1345685
1345926
1346401
1346754
1346946
1347511
1349008
1349549
1349755
1351498
1351748
1352288
1352736
1352975
1354458
1354942
1355433
1357705
1357731
1357964
1359732
1359801
1360416
1360555
1363419
1363850
1363914
1363992
1364324
1364548
1365048
1365526
1366901
1366916
1367332
1371533
1372187
1372332
1372644
1372940
1373242
1373897
1374364
1375637
1377090
1377836
1378190
1379876
1380699
1381909
1383063
1383558
1383709
1384240
1385509
1389398
1389848
1389848
1390108
1391208
1391808
1393425
1394295
1395018
1395181
1395636
1395771
1395792
1398492
1398778
1398869
1401399
1404323
1404898
1405140
1405388
1406382
1406794
1407401
1408326
1408330
1408588
1410866
1411343
1411901
1411970
1412120
1412792
1413217
1413884
1414973
1415442
1415900
1416929
1417536
1419696
1421350
1422872
1422873
1422944
1423189
1424199
1424220
1425196
1425613
1427232
1429824
1430065
1430763
1432012
1433574
1434576
1438414
1439083
1439929
1440441
1441003
1441916
1442840
1444759
1446175
1447546
1447567
1448802
1449399
1451945
1452425
1452965
1456358
1456538
1458106
1458818
1458870
1460969
1461082
1461259
1463570
1467701
1468001
1468010
1469336
1470288
1470685
1472157
1473652
1475004
1475102
1475851
1478915
1479927
1480346
1480603
1480990
1481372
1483051
1483445
1483969
1485322
1487723
1489215
1490523
1490660
1491161
1492243
1492766
1492878
1492932
1493182
1493191
1493497
1493559
1495461
1495517
1496416
1497143
1500168
1501205
1503705
1504351
1504565
1507324
1507730
1507731
1508377
1508673
1509435
1511022
1511236
1511975
1511989
1513078
1513397
1513745
1514263
1515397
1515544
1517112
1517529
1517545
1517787
1518148
1518363
1519204
1520609
1521150
1523259
1523319
1525466
1525801
1525803
1527601
1527843
1528428
1529196
1529940
1532331
1532809
1535226
1535378
1536160
1536503
1540640
1541272
1542509
1544270
1544525
1545466
1546905
1547831
1551528
1554382
1555956
1556362
1556601
1557029
1557276
1557676
1557771
1558157
1560366
1560830
1561831
1562046
1562562
1562844
1563904
1566832
1567009
1569185
1569548
1571355
1571772
1573974
1575563
1577581
1577636
1578476
1578642
1580558
1581044
1582586
1583257
1583414
1584104
1586009
1586226
1586233
1586262
1588848
1589405
1589488
1591628
1591956
1593056
1596234
1596845
1599062
1599370
1599492
1600082
1600732
1602477
1602617
1602664
1603149
1603320
1606620
1607274
1607909
1609400
1610069
1610091
1610377
1612381
1612476
1616532
1616975
1617762
1619329
1619505
1619980
1622635
1626628
1628518
1630865
1631494
1632115
1632212
1632572
1633827
1634722
1637352
1638594
1640321
1641086
1641136
1641354
1641892
1643641
1643734
1644500
1649328
1650134
1651206
1651842
1652608
1653207
1654085
1655817
1656024
1656128
1657684
1657993
1658146
1659283
1660060
1660165
1660680
1660683
1661269
1661993
1662015
1662820
1663900
1664448
1664488
1665002
1667651
1670384
1670746
1671230
1672221
1672253
1673364
1673398
1673474
1674393
1674716
1675745
1676321
1677576
1678170
1680330
1680515
1681560
1683690
1685837
1686190
1686320
1686964
1688245
1688415
1690867
1692132
1692357
1692612
1693142
1694142
1697312
1698783
1699125
1699330
1700517
1702247
1702274
1702275
1702947
1704144
1705616
1705703
1706989
1709710
1713756
1714516
1715456
1715848
1716560
1717008
1717617
1720963
1721995
1723263
1723543
1723645
1723986
1727424
1728245
1730665
1731297
1731348
1732760
1733209
1734358
1736149
1736178
1736256
1736288
1736307
1737702
1737997
1739534
1741760
1741930
1743995
1744051
1744088
1748035
1748235
1748696
1749544
1750990
1751314
1751406
1754169
1755629
1755881
1757015
1757283
1758246
1758726
1759283
1759940
1762759
1764625
1766236
1766868
1767095
1767259
1767462
1767683
1768691
1770322
1771706
1771964
1772764
1777697
1778060
1778799
1780221
1780458
1781564
1785104
1786055
1786066
1786441
1787173
1787769
1788080
1788103
1788902
1789740
1789799
1789815
1789843
1790284
1791081
1793709
1794850
1796844
1797329
1797547
1800510
1800840
1803354
1808850
1809872
1810352
1810540
1811285
1813449
1813841
1814754
1815021
1815817
1816360
1816742
1817991
1820773
1820989
1821112
1826488
1827844
1828635
1828871
1829580
1830347
1830580
1830616
1831598
1832151
1834415
1835905
1836147
1837310
1839735
1840068
1840861
1841799
1842593
1843285
1844151
1845176
1845727
1846312
1846374
1847115
1848081
1848820
1848944
1848995
1851068
1855043
1855729
1857048
1857584
1857605
1860529
1861090
1861276
1862159
1862455
1862556
1863513
1863573
1864931
1865297
1865521
1866002
1866315
1867956
1868653
1870949
1871036
1877236
1877588
1878483
1880412
1880470
1882542
1882644
1883827
1886619
1886835
1887964
1890853
1891195
1891445
1891503
1891643
1892632
1892981
1893050
1894487
1895140
1896331
1896573
1898046
1898117
1899070
1899131
1899202
1899522
1900853
1901588
1902444
1902986
1903252
1904931
1905354
1906062
1906705
1907403
1908256
1908420
1909752
1914131
1915768
1915918
1916604
1916835
1916851
1917059
1920115
1920939
1921743
1922388
1923325
1923990
1924711
1925046
1925442
1926466
1926532
1927848
1928087
1928907
1929005
1932719
1934273
1934637
1936750
1937380
1938880
1941986
1942261
1943704
1943912
1943928
1944937
1945417
1945585
1946249
1946705
1946912
1947420
1947818
1947898
1948423
1948978
1949067
1949185
1949842
1950696
1951448
1951878
1951992
1952502
1952821
1953819
1955062
1955228
1957392
1957838
1958017
1959274
1960051
1961899
1964873
1965082
1965159
1965257
1965552
1966724
1966918
1967755
1968794
1969033
1969245
1971859
1973097
1974473
1975068
1975400
1975563
1977497
1977583
1979360
1979550
1979558
1979934
1979994
1980504
1981094
1981658
1983791
1985983
1990827
1991077
1991838
1992689
1992707
1993577
1994514
1994553
1994679
1996264
1996655
1996963
1997401
1997498
1997625
1998475
1999072
1999668
2000832
2000948
2002908
2006453
2006980
2008263
2013015
2013309
2013794
2014644
2014871
2015916
2016444
2017123
2017276
2017481
2017610
2018352
2020129
2021930
2022025
2022056
2022105
2023386
2024338
2025131
2026057
2026262
2028061
2028973
2029657
2032695
2032992
2033884
2034905
2035083
2035972
2036713
2038360
2042272
2042281
2042319
2043365
2045433
2046170
2047455
2049387
2050293
2052747
2052852
2054476
2054803
2056991
2058427
2059595
2061885
2062931
2063631
2068353
2071956
2072191
2074033
2078403
2080282
2082000
2083247
2083413
2083605
2083765
2085428
2085693
2085718
2088587
2088928
2090582
2090990
2092566
2092791
2092829
2093034
2094051
2104378
2104479
2105077
2105481
2105697
2105784
2106062
2107361
2107554
2108769
2109600
2109903
2109962
2110928
2113560
2114300
2114387
2114739
2114876
2115667
2115717
2116596
2119481
2121815
2122223
2124566
2126149
2126522
2126539
2126925
2127996
2128312
2128875
2129377
2129454
2129598
2129940
2132317
2133069
2137577
2137733
2138097
2138114
2138268
2140088
2141261
2141817
2141952
2142255
2143639
2143715
2144330
2145412
2146819
2147960
2148089
2148466
2149919
2150043
2155338
2155542
2155861
2156725
2157184
2157730
2159143
2159506
2159602
2159854
2159908
2160454
2160491
2160891
2161397
2161479
2164167
2164823
2164881
2166080
2166291
2166404
2166477
2166569
2167081
2167515
2167786
2168561
2168588
2169501
2172221
2173744
2175210
2176069
2176299
2176424
2177213
2177709
2178982
2184438
2184960
2185012
2185118
2185404
2186020
2187501
2188031
2189382
2189845
2191010
2192425
2193567
2194467
2194695
2195113
2196175
2197121
2197534
2199254
2200841
2202531
2205228
2206373
2207213
2207477
2208819
2209231
2209494
2209858
2211090
2211366
2211442
2213536
2216865
2217270
2217516
2218161
2218917
2218951
2220411
2221751
2222978
2223055
2223919
2224314
2226188
2226272
2226298
2228319
2228855
2230856
2230962
2231671
2235295
2237562
2239015
2239737
2240679
2241483
2242952
2243683
2244637
2245599
2247814
2249067
2249096
2249843
2251329
2252210
2253609
2254183
2257341
2258582
2258600
2258607
2258633
2259240
2260723
2261620
2262188
2264731
2264834
2265234
2265757
2266544
2266666
2267514
2268411
2268563
2268826
2269735
2273414
2276090
2277590
2278096
2279073
2279740
2280122
2280538
2280553
2281054
2281082
2281290
2282174
2283981
2284731
2284894
2285487
2286594
2286737
2288190
2288713
2288730
2289163
2290816
2294252
2294325
2294604
2297461
2297915
2298320
2299121
2300602
2300828
2300925
2301265
2302133
2303602
2306472
2307466
2310206
2310466
2310541
2312099
2313705
2314153
2314237
2314750
2314898
2315690
2316501
2316953
2317140
2317975
2318059
2319326
2321900
2322033
2323413
2324360
2324957
2325169
2325912
2327349
2327556
2328293
2328313
2328504
2329650
2330180
2333311
2334227
2335170
2335827
2336356
2339780
2339861
2343247
2345227
2345678
2346132
2346339
2351811
2353873
2355409
2359749
2360957
2363087
2365133
2365269
2365359
2366180
2366191
2367149
2367628
2368067
2369314
2372199
2372931
2373272
2373857
2375395
2375636
2376519
2376772
2377058
2377434
2378302
2379605
2379841
2381066
2381112
2381251
2381601
2382116
2382135
2382297
2383006
2384435
2384477
2384579
2385174
2387281
2388581
2389085
2391952
2392818
2393306
2393600
2394448
2394873
2396541
2396980
2399113
2399298
2400515
2404578
2404590
2404716
2404962
2406738
2409098
2409148
2410238
2411473
2411577
2411768
2412899
2414925
2415848
2417331
2419152
2419402
2420042
2421312
2421940
2424136
2424884
2426352
2426431
2426515
2426562
2427998
2428658
2431046
2431411
2433194
2433220
2436671
2437529
2437666
2438082
2438952
2440415
2441901
2442551
2442667
2442957
2443918
2445068
2445892
2446896
2447357
2447504
2449374
2449392
2449439
2451801
2452088
2454173
2455976
2459713
2464171
2464781
2465774
2467962
2468080
2469008
2469044
2469105
2469638
2469871
2472280
2472773
2473277
2473564
2473928
2474967
2477021
2477750
2478697
2479053
2479568
2479783
2480053
2482678
2483933
2487073
2487246
2487757
2488945
2489045
2489132
2492612
2493097
2493553
2494676
2497225
2497256
2497434
2497738
2499344
2500302
2500588
2501764
2503287
2504422
2504442
2506419
2506652
2510473
2511556
2512698
2514327
2514658
2515566
2516727
2520134
2522212
2527049
2527146
2529517
2529784
2530232
2531247
2532594
2532924
2532947
2534147
2535890
2537633
2538154
2538195
2540242
2541931
2542251
2543674
2545369
2545835
2545941
2545980
2546870
2547431
2547839
2549115
2549403
2550498
2550777
2552120
2552263
2552930
2555792
2555916
2561830
2562477
2563162
2563527
2563724
2564813
2564851
2565806
2565889
2566062
2567422
2568745
2568890
2569948
2570361
2570928
2572429
2574038
2574499
2574750
2576217
2576759
2576781
2577826
2578441
2585273
2585318
2585596
2586686
2587474
2587956
2588046
2588052
2588184
2588492
2589418
2589740
2590358
2591186
2591919
2594759
2594820
2594823
2596106
2598656
2600682
2602925
2604504
2605084
2607139
2607561
2607832
2609133
2609239
2609509
2609673
2609804
2610956
2611611
2611903
2612341
2612608
2613147
2613777
2614136
2614517
2616681
2619713
2620595
2620670
2620921
2621640
2622305
2624048
2624198
2626702
2628795
2629387
2631988
2633494
2635663
2635674
2636352
2637180
2637198
2637289
2637533
2638423
2638586
2638800
2639885
2641361
2641861
2641989
2642299
2642592
2643881
2644165
2644637
2645720
2646029
2647506
2647907
2648919
2649531
2649840
2650029
2650180
2650292
2650879
2651202
2653172
2655093
2655419
2656439
2657200
2657852
2661037
2661158
2661410
2661963
2662791
2662874
2663178
2663531
2663580
2664468
2665163
2665695
2666946
2667527
2667650
2667987
2668619
2669917
2669980
2670273
2671342
2674223
2674624
2675473
2676772
2676998
2677382
2677472
2678853
2679824
2680527
2681685
2682919
2682994
2684981
2684985
2685180
2685318
2685377
2685414
2688009
2688725
2688865
2690513
2691388
2691594
2691989
2693422
2693819
2694071
2694175
2694334
2694962
2695172
2696417
2697933
2698371
2699288
2699740
2701164
2705684
2706462
2706967
2707969
2708715
2709765
2712749
2714787
2714873
2715763
2716871
2717168
2717423
2718747
2721465
2722306
2722891
2723400
2723616
2724158
2724189
2724771
2726914
2727246
2727936
2729894
2730147
2731507
2731573
2731773
2733142
2733745
2734827
2735310
2735726
2736285
2736491
2737361
2738210
2741871
2742451
2742883
2744218
2745327
2747981
2748188
2749435
2749503
2750621
2753014
2754482
2754614
2756019
2757186
2757738
2757905
2759066
2759197
2760509
2761021
2761030
2761169
2763014
2765806
2767169
2767391
2768093
2768103
2769010
2769217
2769491
2770013
2772280
2772388
2772878
2773112
2773736
2777560
2778176
2781228
2781423
2782594
2783123
2783353
2783593
2785344
2786295
2786609
2787316
2788176
2788686
2789415
2789968
2791446
2791963
2793974
2794919
2794922
2796389
2796811
2797074
2797163
2797733
2799339
2800379
2800661
2801548
2805791
2807052
2807886
2808920
2809711
2809807
2810207
2810395
2810517
2810745
2812349
2812356
2813107
2813220
2813583
2814101
2814179
2814570
2816257
2816849
2819642
2819782
2821401
2822215
2823487
2824972
2825146
2825473
2826103
2828637
2828917
2829081
2829534
2829704
2831697
2831890
2831938
2832979
2834695
2835526
2835785
2836621
2836696
2837370
2838114
2838306
2838451
2841298
2842116
2842318
2844357
2845633
2847988
2849967
2850839
2851856
2852518
2853020
2853671
2854364
2856658
2856985
2857865
2858972
2859572
2859847
2860075
2861125
2861945
2862636
2863557
2864181
2864650
2865237
2865243
2865536
2866397
2866423
2867610
2868201
2869056
2871940
2874107
2876567
2876574
2876740
2877527
2877922
2878072
2878219
2879627
2881523
2883245
2883544
2883795
2886056
2886111
2886906
2888583
2889481
2889483
2890367
2893112
2893890
2895071
2897886
2900617
2900740
2900773
2902407
2902913
2903408
2903677
2905304
2905625
2905741
2906121
2908689
2909597
2910805
2911839
2911947
2916112
2917215
2919845
2922092
2922652
2922763
2923224
2923279
2923580
2924265
2926420
2926432
2928093
2929159
2931423
2931580
2931815
2932373
2932473
2933545
2933902
2934323
2936782
2937848
2938406
2938565
2938820
2939098
2939691
2939732
2940384
2941072
2941450
2942062
2942534
2942787
2943207
2944646
2945088
2945774
2947705
2949712
2950109
2950451
2951614
2951780
2953176
2953240
2954286
2954323
2955136
2955292
2957407
2958863
2960495
2962436
2965973
2966194
2968385
2969234
2969945
2970382
2971899
2973571
2974676
2975030
2975089
2975242
2976326
2976550
2977073
2977536
2977578
2978615
2978698
2979274
2980161
2982631
2984054
2984249
2988066
2989614
2989862
2990840
2994657
2994712
2995618
2995675
2997081
2998008
2999758
3000895
3001537
3002102
3003885
3003901
3008050
3008081
3008685
3011262
3012517
3012537
3013605
3016057
3016338
3016828
3018773
3018863
3019716
3021734
3022172
3022336
3025648
3026162
3030230
3031067
3033186
3033369
3033833
3034989
3035017
3035970
3039607
3045529
3046114
3047216
3048600
3048693
3048968
3049675
3052117
3054777
3056910
3057147
3057203
3057220
3057640
3061317
3061424
3062470
3062541
3064211
3066974
3067397
3067710
3067855
3068232
3068623
3069185
3069768
3070230
3071287
3071808
3072164
3072220
3072546
3074254
3074468
3074931
3074971
3075018
3075224
3075382
3076954
3078770
3079006
3079389
3079400
3080468
3081877
3082873
3084004
3084493
3089280
3093483
3093879
3094812
3095088
3096599
3098551
3101789
3104123
3105776
3109747
3113611
3114622
3115558
3115650
3116450
3116467
3117392
3118272
3118829
3121236
3122422
3126057
3126448
3127501
3127534
3127959
3132462
3132800
3135371
3136277
3137890
3138981
3139316
3141377
3142244
3143878
3145692
3148652
3150109
3150900
3152305
3152600
3153372
3154272
3155260
3155803
3159970
3159996
3162031
3162202
3165443
3170499
3173995
3175029
3177313
3178364
3178672
3179208
3181104
3182877
3185177
3187962
3188875
3189028
3189253
3189528
3189795
3192631
3194181
3196296
3196633
3198506
3198669
3199482
3201873
3203395
3203991
3205804
3206932
3208420
3208791
3209251
3209939
3211214
3211334
3212322
3212694
3214060
3219965
3221142
3223938
3224030
3225607
3227333
3228160
3228559
3228781
3229321
3229408
3229611
3231571
3231937
3234684
3235261
3235449
3235732
3238701
3238754
3238857
3239934
3240127
3240722
3243575
3243966
3245077
3246472
3247692
3249670
3249894
3252825
3253551
3256097
3256109
3256367
3257053
3258671
3259198
3261043
3261443
3262073
3262318
3262881
3264095
3265996
3266852
3266929
3268375
3269217
3270141
3270441
3271089
3271470
3272065
3272146
3278230
3278906
3279649
3280514
3283639
3283948
3285925
3286048
3287304
3288002
3288119
3288508
3289724
3290461
3292101
3295043
3295550
3297608
3299587
3299973
3300339
3301584
3302293
3304020
3304173
3306444
3306945
3306951
3307149
3307418
3309520
3310159
3311096
3311315
3311644
3311712
3312497
3312836
3312969
3313095
3313674
3314429
3315556
3316157
3316716
3317184
3317958
3318741
3320685
3321817
3324367
3324933
3326882
3327927
3331651
3332282
3332314
3332833
3333047
3333607
3334126
3335074
3336488
3336642
3340626
3344684
3346753
3347033
3347872
3348241
3348678
3348981
3349127
3349174
3349210
3349245
3351720
3351726
3352159
3352273
3354189
3354961
3355663
3355909
3356261
3356451
3356666
3358290
3358402
3358447
3359155
3359602
3359797
3360666
3361241
3361655
3362158
3362657
3362831
3362959
3364531
3365927
3365967
3367417
3368235
3372945
3373327
3375892
3379473
3379756
3379920
3379958
3380489
3380518
3381273
3382249
3382893
3384761
3384794
3385234
3385911
3386593
3387584
3389170
3389879
3390155
3391506
3391938
3392107
3392804
3394664
3395109
3395890
3398952
3403533
3404338
3404825
3405208
3405563
3407129
3407671
3408852
3410539
3410923
3411893
3411900
3412296
3413152
3414156
3417137
3418880
3419303
3419436
3420240
3420592
3422727
3425441
3425748
3425916
3426381
3426436
3426816
3427163
3429021
3429579
3430702
3431893
3434178
3435441
3437376
3438858
3439803
3442861
3443506
3443664
3445646
3446590
3450027
3452887
3452997
3457488
3458232
3458793
3458906
3459980
3460980
3461740
3464045
3465594
3466938
3469486
3474730
3474826
3475413
3475417
3475642
3476652
3477762
3478744
3480385
3481328
3482981
3484688
3486760
3488296
3488886
3489105
3490528
3490889
3491870
3493111
3494640
3496199
3496645
3496794
3499095
3499364
3499705
3500307
3500829
3501266
3501556
3502540
3504360
3504933
3506262
3506539
3507822
3509520
3509737
3510675
3510677
3511111
3512427
3513258
3513555
3514366
3515749
3516162
3516634
3520585
3522423
3523069
3523155
3523631
3523925
3523986
3524209
3525535
3526750
3526872
3528402
3533071
3534090
3534368
3535229
3535450
3536865
3539528
3542434
3542733
3542846
3542944
3544510
3548895
3550421
3551672
3552250
3554423
3554480
3555028
3555056
3556040
3556271
3556391
3557364
3558509
3559212
3559869
3560625
3560802
3561097
3562807
3564032
3570681
3571266
3572284
3575032
3575357
3575421
3575512
3575657
3576560
3576679
3576792
3577299
3577804
3581490
3581961
3584774
3585217
3588816
3593684
3595303
3596761
3598976
3599289
3601215
3601406
3603531
3604867
3605479
3605688
3607177
3609192
3612254
3612784
3614358
3614584
3616567
3618332
3620004
3620380
3620916
3621398
3621837
3624866
3625038
3626598
3627409
3628266
3628307
3629402
3629454
3629845
3629948
3630686
3631505
3632614
3633778
3636866
3639867
3640249
3640264
3640383
3641795
3642853
3644991
3646565
3647886
3650062
3654202
3654619
3654764
3656274
3657976
3658213
3658392
3660953
3664227
3667433
3668140
3669378
3671200
3671299
3672968
3677186
3677846
3679000
3680018
3681078
3681410
3682342
3683741
3687191
3687215
3687531
3688986
3689375
3690709
3694809
3695172
3695623
3697029
3697514
3697997
3699418
3700659
3701176
3703321
3703337
3703571
3703728
3703867
3704861
3705832
3707139
3709110
3710520
3711108
3711682
3711919
3712615
3713207
3713532
3714221
3716795
3720887
3723927
3724218
3725137
3726474
3726517
3728448
3729947
3729967
3730148
3731718
3732771
3734075
3734263
3734890
3735203
3735588
3735950
3736080
3737118
3737484
3744912
3745722
3746285
3747781
3748940
3749135
3749488
3749578
3750219
3751760
3751836
3752819
3753863
3753981
3755927
3756101
3757336
3757374
3759390
3760404
3762640
3762716
3764408
3766384
3766633
3766906
3768494
3768633
3770486
3770728
3770767
3771765
3771890
3773432
3773461
3774309
3774390
3774763
3775016
3775700
3777127
3780802
3781948
3783181
3784075
3784437
3786095
3786978
3787090
3788123
3788699
3789978
3790184
3791416
3794221
3794812
3795588
3797277
3797930
3798871
3801205
3803173
3805565
3805859
3806899
3807144
3807473
3808543
3809945
3811674
3812442
3813198
3814133
3815155
3815183
3816021
3818454
3818757
3818771
3819173
3820399
3820713
3821159
3821857
3822441
3824125
3824718
3824857
3824998
3825223
3825680
3825947
3827034
3827591
3828852
3829330
3829861
3831050
3831630
3832167
3832192
3832348
3832915
3833716
3838359
3840079
3840372
3842389
3842513
3845513
3846072
3847817
3847881
3849186
3849379
3850126
3850387
3851136
3851639
3854182
3856854
3857003
3857433
3858740
3858759
3859418
3859464
3859927
3860473
3860867
3861707
3862299
3864096
3865166
3866342
3867311
3867774
3868218
3868620
3868718
3869513
3869666
3871684
3872348
3873069
3875275
3876104
3876308
3876832
3876862
3877434
3877744
3878271
3878655
3879298
3879444
3880495
3881515
3884094
3884924
3885172
3885896
3885975
3886485
3886651
3887816
3889713
3895806
3896431
3896860
3897119
3897590
3897800
3897818
3898789
3898833
3899245
3900478
3900655
3903440
3903443
3903556
3903862
3905236
3906395
3907248
3909419
3911784
3912642
3912926
3913868
3914098
3914324
3917650
3919473
3919822
3921501
3921878
3921952
3923229
3924534
3925040
3925456
3927056
3928470
3928699
3929104
3929290
3929395
3930078
3933612
3934985
3936297
3937656
3940587
3941201
3942730
3944907
3945280
3948776
3949199
3950237
3951765
3952841
3952902
3953142
3953191
3953853
3954845
3955795
3956144
3956247
3956700
3956832
3959956
3960975
3961026
3961457
3961671
3963010
3963863
3964863
3965554
3966703
3966802
3969474
3969990
3971026
3971090
3971262
3972738
3972765
3974494
3977586
3978711
3981934
3984304
3984750
3985402
3985466
3986770
3988688
3988797
3989257
3989678
3989853
3993828
3994557
3998709
3999197
3999503
4002270
4002584
4002688
4003389
4003872
4004118
4004613
4005846
4005863
4007916
4007952
4007978
4008377
4008445
4008490
4009514
4009589
4009758
4010311
4010417
4010659
4012303
4013229
4013411
4014001
4016222
4016457
4019067
4020714
4021012
4021256
4021567
4021750
4023307
4023388
4024020
4024145
4029815
4029825
4031100
4034575
4034910
4035085
4036120
4036747
4040668
4040928
4041696
4041892
4042708
4044466
4044521
4045399
4046164
4047757
4048203
4052703
4052814
4053286
4054027
4056424
4056564
4058782
4059288
4059658
4060684
4063448
4065036
4068291
4069667
4069678
4072736
4073022
4075400
4075704
4077179
4079741
4079931
4080425
4080787
4082577
4082597
4082922
4083806
4084001
4084302
4084536
4084753
4084799
4084819
4085430
4087593
4090116
4090463
4090859
4091405
4094188
4094809
4097230
4097866
4098025
4098120
4102045
4102987
4103359
4104893
4105139
4106987
4107514
4109496
4109771
4111492
4112543
4114733
4114756
4114883
4115186
4115203
4115319
4115504
4117037
4117906
4118013
4120906
4121530
4122013
4123220
4124237
4124412
4125253
4126505
4128924
4129075
4130027
4130175
4130247
4130465
4130527
4131077
4132019
4132927
4133010
4134027
4134297
4135598
4136493
4136852
4138069
4139950
4140340
4140491
4141786
4142758
4145227
4145836
4146222
4148238
4148750
4152123
4156682
4157159
4157384
4158156
4158428
4158463
4159947
4161527
4162294
4164267
4164268
4165464
4165911
4166523
4166760
4167369
4167667
4168830
4170094
4171769
4174276
4176792
4179175
4180271
4180685
4181351
4181458
4181919
4182724
4182856
4183930
4184684
4186690
4187233
4189637
4189669
4190646
4190752
4191872
4193994
4194718
4195540
4199008
4200671
4200921
4201624
4201773
4201805
4204708
4207688
4207990
4209961
4210340
4211017
4212313
4213861
4215640
4215864
4221150
4221434
4222915
4223067
4223371
4225727
4228194
4229031
4232361
4232405
4234867
4235343
4237127
4237619
4238927
4239466
4239679
4239791
4239919
4243138
4243419
4243918
4245653
4245664
4247754
4247998
4248553
4248607
4249399
4249947
4253770
4254626
4254665
4254725
4255816
4256166
4256385
4256511
4258445
4258632
4260108
4260709
4261244
4261522
4261625
4261814
4261959
4262863
4262967
4263634
4264190
4264273
4264441
4265311
4269286
4270501
4270516
4272068
4272281
4274413
4275911
4276702
4277128
4280761
4281466
4281791
4281870
4282319
4283141
4286536
4287983
4288048
4288055
4290548
4291556
4291564
4292069
4292713
4293607
4294333
4297114
4297330
4297384
4297516
4298248
4298774
4300076
4300248
4302777
4303558
4303574
4303632
4304951
4305629
4306071
4306854
4308650
4308908
4308995
4311617
4316270
4316712
4316725
4316828
4319865
4323082
4323545
4324229
4325099
4329622
4331069
4331386
4331409
4331938
4334208
4337221
4338183
4338525
4340585
4341527
4341738
4342209
4342884
4342980
4343040
4344453
4346846
4347346
4348407
4348538
4350973
4352419
4353027
4353838
4355090
4355266
4355876
4356043
4357115
4357853
4358244
4358305
4358876
4359291
4363240
4364547
4364565
4365657
4366495
4368429
4368687
4371220
4371939
4373442
4373740
4375990
4376148
4376314
4376499
4376670
4376731
4378313
4380893
4381257
4381672
4383158
4384774
4385480
4386384
4387007
4387463
4387597
4387859
4388612
4390071
4391817
4393310
4393377
4395962
4398352
4398420
4399155
4399773
4400197
4400728
4400830
4402651
4405105
4405770
4406402
4406466
4406971
4407631
4408433
4409989
4410722
4411677
4412647
4412846
4414253
4414723
4415316
4415620
4415645
4419921
4423808
4423894
4425552
4426513
4428774
4428777
4429409
4429928
4430612
4432514
4433483
4433756
4435228
4436231
4437062
4438110
4438242
4438376
4438440
4438539
4439096
4439344
4439617
4440287
4442396
4442694
4450070
4450728
4451744
4452074
4453344
4453900
4454155
4454550
4454788
4456548
4458755
4459169
4460385
4462125
4462947
4468014
4468374
4468680
4469008
4469028
4470271
4470321
4474232
4474576
4475647
4476362
4478285
4479097
4479531
4479646
4480472
4481011
4481064
4481250
4482445
4489096
4490967
4491149
4492346
4492612
4492900
4493601
4494118
4495188
4495905
4496426
4497471
4497994
4500079
4503719
4504694
4505263
4505587
4505940
4507199
4507657
4510070
4511691
4512237
4512890
4512914
4513655
4513713
4516156
4517017
4517156
4517677
4518330
4518532
4520465
4520622
4521442
4521821
4521887
4522501
4523208
4524348
4524705
4525310
4525780
4527124
4528348
4528690
4530230
4530409
4531399
4532299
4532661
4534829
4535014
4538075
4539012
4539698
4539780
4540820
4541033
4542150
4543047
4543196
4543324
4545151
4546173
4546591
4546660
4551263
4552731
4553322
4553376
4554831
4555531
4555951
4556558
4557908
4561820
4561939
4562085
4562304
4564107
4564361
4565025
4565182
4566169
4568063
4568378
4568439
4569444
4570676
4570859
4572379
4573457
4573677
4573720
4574734
4575260
4578278
4580407
4581431
4583059
4583692
4584199
4584312
4587121
4587381
4589816
4590727
4593564
4594834
4595048
4596573
4597532
4597858
4598605
4599917
4600005
4601959
4603270
4604250
4606989
4607116
4609316
4609359
4612163
4612802
4614342
4615502
4616431
4617151
4617442
4618485
4620842
4623098
4623727
4623836
4623871
4625133
4625169
4625750
4625975
4626038
4626986
4627549
4627557
4627685
4627839
4627902
4627984
4630441
4632283
4632919
4634233
4635625
4636427
4637484
4637695
4638561
4638992
4639087
4639968
4640176
4640955
4641404
4643546
4648499
4649131
4649217
4649674
4649799
4649825
4649997
4650480
4651883
4652445
4653387
4653729
4654025
4654980
4655837
4655998
4659695
4662088
4662668
4662994
4665942
4665951
4666731
4667057
4667141
4667848
4668309
4668602
4670707
4671125
4672969
4673862
4675498
4676297
4677228
4677263
4678457
4678635
4679483
4681488
4681762
4682513
4683021
4683944
4684194
4684345
4685556
4686259
4687266
4687496
4687768
4688347
4690858
4694569
4695482
4696166
4697006
4700041
4700553
4700767
4700771
4701026
4702476
4703991
4704711
4704765
4705084
4706788
4706894
4707607
4707922
4711069
4711075
4711663
4711678
4711728
4712168
4713241
4714754
4714900
4715764
4715888
4716956
4717145
4717218
4717590
4719438
4720694
4721965
4722453
4723741
4724472
4725932
4727243
4730060
4730789
4731021
4731726
4734365
4735421
4735486
4735731
4737310
4737365
4737547
4739090
4739121
4740052
4741394
4741450
4742175
4743379
4743997
4745177
4745458
4745726
4746708
4747910
4749810
4750117
4752499
4753696
4754898
4756726
4756859
4758110
4758897
4759987
4760469
4760606
4760648
4761763
4762670
4763548
4763815
4765601
4767269
4767289
4767491
4767990
4768671
4770482
4771307
4771439
4771480
4771827
4771879
4772312
4774691
4775193
4775541
4776079
4778873
4779221
4779829
4780288
4780990
4782575
4784119
4784667
4784882
4787434
4788082
4788176
4789420
4789594
4789870
4790183
4791205
4792842
4792881
4794946
4796273
4796340
4796542
4800264
4800422
4800576
4800744
4801292
4801572
4801995
4804415
4804750
4805937
4806195
4806670
4808284
4808808
4809759
4809975
4810262
4810813
4812082
4814456
4816642
4819546
4822850
4823243
4823479
4826269
4826920
4827334
4827813
4828882
4830209
4831335
4832044
4837333
4837621
4839496
4840143
4841774
4842538
4843777
4844953
4846917
4848525
4849458
4849654
4850760
4850834
4852608
4853526
4854555
4855000
4855029
4855319
4856804
4857001
4858220
4858233
4858409
4858643
4859544
4860181
4860229
4860341
4862158
4863842
4864680
4866678
4866848
4869201
4872924
4876614
4877483
4878221
4878702
4879293
4879549
4880781
4881079
4882680
4883639
4885293
4886988
4887555
4888538
4888551
4888714
4890243
4891379
4891488
4892356
4892859
4893373
4895270
4896677
4897431
4897485
4899041
4900848
4901109
4901274
4902155
4902333
4903187
4904370
4904490
4905622
4906581
4908967
4909401
4909409
4910968
4912467
4912733
4913040
4916407
4917082
4918279
4918556
4918709
4919254
4920369
4920414
4920744
4921138
4921803
4922248
4923213
4924097
4925102
4926294
4927160
4927526
4928263
4928520
4929294
4930169
4930902
4933703
4934676
4934690
4934807
4934881
4934952
4935390
4936355
4937335
4937872
4938786
4939569
4939739
4940744
4941220
4941362
4941896
4942783
4943599
4943828
4946106
4948559
4949519
4949549
4951056
4951449
4952732
4952904
4953017
4955500
4958179
4958878
4959267
4959326
4959340
4960255
4960588
4964074
4964853
4964930
4965613
4969924
4971198
4971881
4972346
4972557
4976540
4977517
4978107
4980178
4983921
4984591
4984929
4988547
4989576
4989623
4990126
4991906
4992829
4992846
4993718
4994639
4996182
4996310
4997880
4998597
4999969
5002234
5003252
5006116
5006339
5007934
5009456
5009617
5009785
5010930
5013193
5013270
5016748
5018046
5018897
5021068
5023038
5023097
5023318
5023746
5025093
5025192
5025280
5025613
5026149
5027391
5027588
5028180
5028510
5028816
5031305
5032158
5032428
5033311
5033648
5035935
5036425
5036475
5037243
5038279
5039014
5043186
5043924
5045743
5046217
5046709
5047997
5048010
5048139
5052659
5053864
5054114
5056666
5056778
5057428
5058870
5059641
5060051
5060337
5060576
5060993
5061051
5061942
5063244
5063303
5064437
5064728
5065518
5066824
5067724
5068611
5069643
5071863
5073886
5074218
5074299
5075110
5075223
5076508
5076948
5078253
5080152
5080450
5080648
5080714
5081369
5081888
5081986
5084113
5085896
5089184
5089317
5090058
5094969
5095917
5096874
5097413
5100213
5100372
5104148
5106538
5107846
5109310
5110053
5110218
5110588
5110944
5111258
5112316
5113109
5113238
5114472
5114554
5116861
5117781
5118128
5118270
5119242
5119500
5119885
5120088
5121119
5123798
5125696
5126728
5127166
5127532
5128504
5128832
5128995
5129173
5130906
5131426
5132153
5133795
5133919
5135287
5139250
5140316
5141079
5143004
5143740
5143950
5144224
5146566
5148641
5149924
5150706
5154958
5155121
5156091
5156715
5156945
5159339
5160565
5161483
5162021
5162661
5163326
5165596
5165736
5167049
5167769
5168048
5171891
5172985
5176689
5181324
5182794
5183611
5183761
5183804
5184244
5185547
5185556
5185849
5186885
5188530
5189235
5189878
5193757
5194732
5195314
5196572
5197046
5197101
5199467
5199953
5200803
5201266
5203107
5203167
5203289
5204860
5205015
5205644
5207168
5209014
5209758
5210039
5210155
5211948
5212107
5212532
5214870
5218594
5219038
5219094
5219280
5219878
5220248
5222903
5223145
5223797
5224139
5225799
5227848
5229524
5230479
5230696
5232468
5232513
5232535
5234511
5234962
5234990
5235400
5236799
5236993
5238315
5238469
5239997
5240920
5241140
5241983
5244477
5247237
5247879
5247915
5248008
5249392
5249994
5250164
5250945
5251124
5253753
5254547
5254644
5257216
5257661
5257676
5257799
5258039
5258139
5258736
5260964
5263396
5265002
5265235
5265349
5267874
5268621
5268848
5269834
5274374
5274421
5275477
5276123
5276797
5277146
5278456
5279924
5279934
5282509
5282725
5283651
5284333
5285625
5286119
5286311
5286728
5287115
5287695
5289067
5289214
5290209
5293075
5294278
5295867
5296645
5299037
5301746
5303571
5303873
5307241
5307692
5308867
5310341
5311474
5312608
5316217
5316868
5316970
5317246
5317910
5320379
5324420
5325603
5325681
5325972
5328682
5330813
5331818
5331920
5333500
5333739
5334553
5335072
5335652
5335871
5337014
5337855
5338057
5338245
5338736
5340258
5340677
5341157
5342415
5345201
5345517
5345894
5346965
5347459
5348018
5348387
5349198
5349664
5352002
5352761
5354844
5355623
5357932
5358716
5361037
5361435
5361497
5361536
5364098
5371664
5371860
5373945
5374544
5374693
5379815
5381122
5381696
5383727
5383989
5385381
5385729
5386112
5387568
5388299
5388309
5389757
5390539
5395959
5400271
5400764
5401112
5401516
5403263
5404370
5405470
5406294
5407273
5407852
5409590
5413008
5413389
5414094
5414183
5417064
5417383
5417586
5417741
5418621
5418810
5420717
5421628
5423520
5423970
5425236
5426405
5426639
5427279
5428557
5428575
5429009
5429121
5429912
5430661
5431801
5433085
5433368
5433618
5434204
5434639
5435196
5435394
5435879
5441568
5442102
5443917
5444207
5445207
5445342
5446108
5447559
5448522
5448524
5449751
5451576
5451743
5452591
5453195
5453878
5454093
5455491
5456264
5456405
5456460
5456508
5458815
5460474
5460640
5461995
5462652
5462917
5464106
5465130
5465244
5466586
5467854
5468041
5468965
5471774
5471805
5472544
5474122
5474707
5476931
5477675
5478042
5478581
5478773
5479176
5479294
5480745
5485345
5490001
5490728
5493274
5495690
5496203
5496736
5496888
5497146
5497762
5498806
5499684
5499911
5500140
5500681
5501877
5506641
5507142
5510751
5513123
5513853
5514692
5515661
5515698
5516409
5517265
5518332
5518384
5518787
5518926
5519421
5520015
5520370
5520418
5521401
5521469
5522206
5523628
5524228
5525232
5526472
5529177
5529379
5529392
5529849
5530179
5531622
5531809
5532329
5533937
5534443
5535423
5536232
5536414
5537152
5537565
5538049
5538202
5540854
5541376
5543593
5544576
5547691
5548251
5548576
5549881
5550486
5550738
5551224
5551756
5553408
5554010
5556759
5557387
5559280
5559876
5560037
5560483
5561373
5561519
5565118
5565885
5568491
5570094
5570250
5572077
5572706
5573385
5573509
5578705
5578921
5579275
5579791
5581955
5585347
5588237
5588585
5589416
5590245
5590455
5592404
5593714
5593817
5594021
5594503
5595501
5595582
5595787
5597682
5598995
5599217
5600348
5600391
5601211
5602219
5603296
5603998
5604457
5604504
5605485
5607303
5610617
5610970
5611751
5613052
5613186
5615190
5618626
5618798
5619909
5623208
5624987
5625038
5625142
5625378
5625852
5626085
5626159
5626382
5626457
5627517
5629519
5629566
5629840
5629989
5633221
5633275
5633290
5633635
5634045
5634112
5634155
5634535
5634992
5637336
5638032
5638230
5638355
5638895
5639392
5641356
5642278
5642714
5646128
5646734
5647266
5648390
5648560
5650178
5651945
5652641
5653357
5653492
5653858
5654758
5654894
5656162
5656635
5656706
5657001
5657860
5659031
5660655
5660828
5661647
5663387
5665599
5666213
5666380
5666534
5666914
5667875
5670837
5675608
5675979
5681187
5681578
5682943
5683045
5683083
5683329
5686899
5688372
5691218
5691399
5691445
5691679
5692692
5692815
5692890
5693163
5694679
5694944
5698249
5700393
5700673
5700845
5701398
5701520
5701826
5703024
5703381
5703972
5708725
5711683
5712274
5712723
5714443
5716076
5719868
5719875
5721336
5722989
5723909
5725182
5726881
5727029
5728502
5728777
5731138
5731816
5732289
5733263
5734057
5735286
5735375
5736183
5736223
5737315
5737906
5738221
5738990
5742023
5742696
5744429
5746600
5746709
5747374
5747987
5748914
5749226
5749836
5750193
5753351
5756613
5756734
5756776
5757485
5758163
5758404
5759018
5760115
5760395
5761245
5762287
5763336
5763350
5765408
5765872
5766117
5766247
5766569
5766666
5767610
5767875
5768099
5768265
5768968
5770059
5773172
5773952
5774658
5774762
5775888
5779194
5780365
5780964
5782607
5783371
5783766
5784000
5788757
5790161
5790325
5790846
5791071
5791400
5792216
5792688
5795164
5797969
5798810
5799510
5799700
5802287
5803519
5805643
5806378
5809224
5809979
5810628
5810740
5811227
5811482
5811867
5814651
5815379
5815947
5816348
5817592
5817644
5818439
5819219
5819702
5822859
5825473
5826266
5826518
5827095
5828168
5828215
5828442
5828470
5829455
5829641
5830811
5831400
5833397
5834195
5835045
5837308
5837320
5837623
5837946
5839647
5839690
5841742
5842080
5842165
5843064
5844464
5844589
5845603
5849351
5849446
5850254
5850496
5851120
5851404
5851440
5851806
5854085
5854192
5855388
5858077
5858118
5859857
5860561
5861619
5864580
5865452
5866720
5869230
5870913
5873593
5873624
5873723
5875575
5875766
5881027
5881832
5882307
5882467
5883147
5883195
5883334
5884220
5884649
5885858
5886495
5886996
5887794
5888120
5888920
5889671
5889672
5893164
5895610
5896977
5898959
5898996
5899183
5899637
5901584
5901942
5902102
5903136
5903184
5903471
5905852
5906020
5906105
5906105
5906688
5909429
5910816
5911288
5911939
5912922
5913080
5913082
5913855
5914366
5914830
5917045
5917279
5917933
5918896
5920344
5920736
5921013
5921948
5924012
5924259
5924843
5925442
5926992
5927674
5927887
5929939
5935757
5935785
5936460
5938819
5940845
5941724
5942511
5942819
5943095
5945071
5945463
5945636
5946097
5948607
5949400
5949675
5949994
5950445
5951217
5951870
5952391
5956202
5956309
5956314
5956489
5957127
5957817
5957965
5958446
5959005
5959185
5960555
5961099
5961356
5963359
5963452
5964672
5964791
5966865
5967157
5967629
5968885
5969980
5971857
5972134
5972422
5972673
5974354
5974773
5975885
5976508
5977388
5979621
5980305
5980683
5981288
5981573
5982624
5982647
5983923
5984678
5987304
5987368
5988864
5990512
5990758
5990807
5991753
5991851
5992037
5992236
5995044
5996140
5996901
5999585
6002520
6003482
6005772
6008314
6008408
6009346
6009421
6012708
6012911
6013207
6015372
6016052
6016120
6016771
6016807
6017576
6017826
6019531
6021928
6024476
6026261
6026577
6027213
6027353
6027626
6028586
6030070
6030500
6031692
6032362
6032742
6035354
6035889
6037185
6037352
6039577
6040530
6042511
6043589
6044504
6045193
6045374
6050256
6050324
6050474
6053832
6053965
6055765
6056643
6059759
6060544
6061335
6061674
6062332
6063729
6063762
6065308
6065897
6066001
6066926
6067578
6068650
6068899
6070991
6073881
6073993
6075700
6076287
6077868
6078552
6078793
6079254
6081219
6082570
6085796
6087407
6087619
6089453
6090121
6091232
6092697
6093115
6093273
6094658
6094804
6095033
6095318
6095722
6096239
6096504
6097289
6097961
6098796
6099454
6100170
6101864
6102200
6104924
6105053
6106310
6107658
6108822
6110920
6110952
6112056
6112701
6114020
6114369
6115984
6116023
6117477
6118829
6123118
6123172
6125099
6126392
6126506
6127245
6127737
6130438
6130795
6131958
6132409
6132648
6134020
6135698
6138563
6138959
6139546
6141349
6141705
6144890
6149900
6151490
6152267
6152592
6155720
6156175
6156503
6156808
6157031
6157092
6157621
6158569
6159306
6163795
6163950
6164825
6165827
6166147
6167856
6172459
6172881
6173701
6174349
6176097
6176848
6177803
6181086
6182916
6183349
6187654
6191417
6195280
6195915
6197313
6198663
6199715
6199944
6200590
6203596
6204259
6205014
6205520
6205586
6205698
6206703
6209644
6211004
6211480
6211858
6214933
6215178
6215279
6215563
6215751
6216805
6217327
6218722
6220110
6220136
6220900
6221803
6222180
6222384
6222881
6223412
6225051
6225925
6226684
6228601
6228976
6229194
6229961
6234261
6234641
6234704
6234727
6234872
6235172
6237406
6239590
6240959
6243919
6245084
6246177
6246201
6247133
6248794
6249234
6249362
6252305
6254574
6256425
6257704
6258213
6258954
6259916
6261567
6261954
6262328
6263201
6264892
6265319
6265484
6268657
6268837
6272160
6273146
6273458
6273766
6274284
6274785
6275051
6275768
6277669
6278827
6280404
6280768
6281857
6283526
6284742
6284903
6285406
6285631
6285912
6287343
6287370
6288712
6290350
6290494
6291280
6291477
6291555
6291914
6292264
6293928
6295290
6295795
6297685
6300619
6302583
6303108
6303826
6307882
6310480
6310668
6311458
6313296
6313444
6315668
6315700
6316288
6317488
6318188
6319190
6319893
6320157
6320185
6320366
6320982
6323694
6325832
6326014
6326828
6327112
6327550
6327787
6328489
6329188
6331366
6331872
6334173
6334829
6336856
6339008
6339547
6339941
6340350
6341843
6342818
6342862
6343232
6344850
6344949
6347538
6348102
6348551
6349643
6350182
6353297
6353844
6354144
6354781
6355525
6355776
6356909
6360129
6360847
6361746
6365790
6366275
6366419
6368205
6368876
6369215
6370656
6371716
6371917
6372035
6373095
6374132
6374374
6374668
6376269
6376295
6376412
6376983
6377848
6377879
6377888
6379935
6384525
6389729
6390234
6391957
6392671
6394088
6395499
6396234
6398853
6398889
6399254
6399358
6401645
6401706
6402041
6403405
6403915
6404132
6404216
6404264
6404302
6405142
6408621
6409688
6410909
6411859
6412344
6412350
6414064
6414842
6417961
6418849
6418971
6419447
6421206
6421403
6422341
6422345
6423908
6424301
6426517
6427094
6428400
6429525
6429807
6430549
6430693
6431001
6433062
6437649
6438773
6439414
6440140
6440163
6440583
6440861
6442862
6443026
6443044
6444109
6444544
6446333
6446543
6449034
6451675
6451942
6453138
6453345
6454187
6455407
6456085
6457099
6460418
6463282
6463499
6464589
6466184
6468375
6471228
6471581
6472268
6473500
6474339
6474622
6474678
6475598
6476677
6476749
6476782
6477674
6477732
6478872
6479638
6482877
6483218
6483290
6483871
6484340
6485025
6485118
6486497
6486824
6491997
6492069
6493135
6495118
6495849
6497191
6500322
6501031
6501453
6503925
6506793
6506849
6507919
6508462
6508603
6509441
6510322
6511493
6512604
6512698
6513999
6514297
6514424
6514753
6516303
6517211
6517967
6518794
6519764
6519953
6521385
6521507
6521565
6523083
6525983
6526030
6531269
6531363
6531815
6533020
6534439
6534690
6534952
6536800
6536995
6540367
6540999
6542291
6542535
6542612
6543101
6546967
6547338
6547985
6548160
6551132
6551490
6551716
6553470
6554688
6554754
6555779
6555993
6557345
6558038
6558614
6559795
6560950
6561042
6568260
6568264
6569502
6570533
6570883
6571916
6573395
6574123
6574244
6576064
6578594
6578844
6578978
6580450
6580562
6580802
6581685
6581784
6585176
6587327
6590949
6593208
6593405
6593741
6594187
6594345
6595508
6596026
6596478
6597916
6597997
6598322
6598514
6600414
6602787
6606427
6606592
6607554
6608091
6609023
6609133
6609772
6611502
6612368
6613394
6614062
6616825
6617269
6617672
6618750
6619863
6620545
6622087
6622839
6623286
6623549
6625407
6625816
6626842
6627538
6628091
6629582
6629649
6630237
6633436
6633735
6633841
6634042
6634249
6635780
6638988
6639963
6640080
6640779
6641339
6643392
6644498
6645780
6646136
6646205
6646774
6646778
6651479
6652329
6654181
6654897
6656420
6658285
6659546
6660232
6660302
6661392
6663034
6664385
6665089
6666309
6666878
6668026
6668059
6668924
6669716
6670516
6671289
6673047
6673142
6674743
6676684
6678106
6678885
6679515
6679675
6679842
6680336
6680370
6681851
6682910
6683683
6685234
6685994
6686443
6686783
6687231
6687263
6687882
6688134
6688185
6691182
6691622
6692125
6693126
6693733
6693943
6695702
6695907
6696633
6696768
6698706
6698734
6698869
6699119
6700161
6702592
6702772
6704699
6704904
6706280
6708531
6708718
6709322
6712171
6712563
6712827
6718437
6719961
6722266
6722450
6722761
6723373
6724757
6726274
6726796
6726921
6727682
6729965
6731342
6731692
6733661
6736452
6736593
6737863
6738760
6738835
6738941
6739496
6739701
6740442
6740766
6742308
6742327
6742731
6743556
6744412
6744903
6746257
6747451
6747508
6748197
6749352
6749872
6750512
6750655
6750787
6751254
6751431
6754201
6758231
6759680
6759753
6766485
6766988
6768864
6769878
6770087
6770833
6771361
6772267
6773345
6776035
6776171
6777217
6777271
6779241
6780482
6781811
6782158
6782535
6784992
6785124
6785519
6786426
6788151
6790623
6790836
6791028
6791840
6792790
6796178
6796709
6797438
6800116
6800877
6801481
6802309
6804174
6805160
6806167
6807824
6809040
6810382
6810547
6810916
6810924
6812840
6812917
6813081
6813560
6814521
6815297
6815825
6816091
6816518
6816759
6820670
6821590
6821783
6822485
6822832
6823237
6825115
6829199
6829930
6831938
6838996
6839553
6839638
6840476
6840994
6841131
6841957
6842719
6843974
6844157
6844211
6844439
6845079
6845220
6845442
6845757
6846620
6847268
6847957
6847970
6848098
6850406
6850528
6851736
6853766
6855498
6857804
6858286
6858796
6862390
6863697
6864289
6866123
6866924
6866938
6867793
6868274
6868534
6869232
6871707
6872653
6873048
6874977
6875381
6875546
6876800
6877898
6878109
6880288
6882733
6883150
6885062
6889083
6889699
6890242
6891698
6891930
6892356
6893608
6894418
6894802
6894920
6896344
6897558
6897922
6898715
6899062
6900826
6902071
6903011
6903137
6904015
6904342
6904822
6905072
6906532
6906544
6907533
6908597
6909624
6912612
6915364
6915864
6918700
6918896
6919758
6920256
6920983
6922369
6922576
6922629
6925691
6928142
6930110
6930739
6930796
6934472
6935284
6935958
6936348
6936676
6936713
6936841
6939634
6940448
6940648
6940815
6941143
6942287
6942596
6943137
6943208
6944801
6944911
6947305
6947430
6949558
6949627
6950187
6950289
6950478
6950807
6951659
6952641
6955172
6955380
6955703
6956096
6956157
6957269
6957518
6958739
6958900
6959149
6959537
6962680
6963639
6968665
6969631
6969932
6970042
6970333
6970701
6973101
6973429
6973548
6974135
6974690
6975080
6977941
6978203
6979581
6979957
6980618
6980653
6980929
6981700
6982851
6983341
6983359
6984257
6985843
6988957
6990869
6991170
6992313
6992446
6994929
6995935
6996913
6997375
6997620
6998063
7000278
7004079
7004698
7005815
7010181
7010355
7010465
7012877
7013614
7013689
7014688
7015611
7015777
7017029
7017462
7019010
7019292
7020858
7022468
7023135
7024156
7026368
7028312
7029050
7030120
7031535
7032138
7032140
7033115
7033284
7033931
7034443
7034458
7034747
7034834
7036777
7036790
7037388
7037936
7038237
7038253
7039320
7039924
7041501
7042906
7043241
7043559
7045822
7047926
7050315
7050749
7051516
7053302
7053782
7056082
7056759
7058173
7058448
7059433
7060223
7060511
7062240
7062843
7064558
7065762
7065862
7066283
7066401
7066720
7068541
7068764
7072167
7073126
7073633
7075759
7078380
7078923
7079581
7080389
7081246
7082182
7082772
7083212
7083470
7084148
7084394
7086067
7086723
7087258
7088339
7089274
7089767
7090293
7090305
7091557
7095757
7095813
7096238
7097432
7101870
7101991
7102217
7102603
7104842
7105240
7106270
7107748
7109058
7112015
7112620
7114355
7114392
7114984
7115042
7116719
7120091
7120242
7120606
7120973
7121492
7121823
7122595
7124546
7124957
7126570
7127214
7128594
7128626
7129679
7130149
7134948
7134959
7135868
7136855
7138071
7138304
7139022
7139092
7139428
7139642
7140121
7140369
7141701
7143005
7144250
7144407
7146060
7146662
7148963
7150539
7151394
7153678
7154052
7154115
7156373
7157168
7157510
7157917
7158310
7158406
7158715
7158719
7160161
7160528
7161493
7161672
7161902
7163035
7163123
7163409
7163499
7163610
7166064
7167276
7167735
7168909
7169911
7171084
7172298
7173016
7173346
7175143
7175422
7176039
7176381
7176742
7177151
7177827
7179842
7180666
7181340
7181534
7184136
7184318
7189646
7190838
7191412
7192426
7193058
7193187
7196337
7196799
7198494
7199498
7201277
7202227
7202877
7203901
7204312
7206654
7210087
7210109
7210576
7210958
7212926
7214489
7216915
7218920
7220971
7222063
7223557
7223649
7223797
7223820
7224543
7226026
7226317
7227762
7233614
7234515
7236595
7237057
7238715
7241361
7241554
7242455
7245033
7248840
7249922
7250560
7250666
7254221
7255619
7255928
7256081
7257549
7257984
7259119
7259921
7260465
7260713
7261813
7262620
7262739
7263493
7264621
7267127
7267768
7270035
7270733
7271619
7272057
7272196
7274416
7274973
7275009
7275313
7278854
7280999
7281984
7282039
7282516
7282680
7282987
7283697
7285530
7286399
7286744
7286939
7287088
7289377
7291353
7291928
7293073
7294550
7296666
7296954
7298649
7299546
7300488
7301160
7301866
7302030
7303244
7303911
7305074
7305171
7306571
7306881
7308991
7309029
7309685
7311013
7316554
7317771
7318833
7321212
7321389
7321940
7322709
7323992
7324223
7324700
7325134
7325660
7326156
7326998
7332121
7332314
7333657
7334426
7337804
7338662
7339158
7339509
7339907
7341558
7341804
7345112
7347855
7348352
7348639
7349057
7349789
7349948
7351728
7351741
7352883
7355071
7356608
7359929
7360128
7362944
7366502
7367478
7367884
7368533
7368897
7374426
7374653
7374699
7375403
7376372
7376479
7376651
7378933
7379815
7380427
7380610
7380688
7381432
7382343
7383883
7385296
7385723
7387226
7387606
7388505
7388551
7390780
7392007
7392435
7393043
7393698
7395955
7395961
7396676
7397181
7397372
7400250
7401030
7401615
7401788
7405327
7409044
7409926
7410663
7412125
7412711
7413296
7413585
7420053
7422412
7424746
7427990
7428702
7429268
7429958
7429993
7431531
7431872
7431934
7431967
7432180
7433842
7434451
7435198
7435297
7435838
7436123
7436732
7438752
7440787
7440882
7440965
7441103
7443928
7446520
7447491
7448171
7448855
7449695
7449936
7451438
7451729
7451760
7453288
7454314
7454315
7455853
7457055
7458800
7458813
7458834
7461117
7461324
7461375
7463067
7463302
7465682
7466255
7466427
7466490
7468268
7469144
7470710
7472605
7473351
7474570
7474698
7475407
7475649
7477692
7479961
7481065
7481529
7482554
7482566
7483409
7483987
7484737
7486828
7487092
7487155
7490903
7491373
7491650
7492979
7493020
7496124
7496592
7496867
7497931
7498440
7499332
7499615
7499962
7500268
7501098
7502025
7502862
7503285
7503440
7504656
7504945
7505797
7506380
7508597
7509148
7509612
7509897
7510027
7512945
7514223
7515834
7517241
7517409
7518436
7521214
7522668
7523343
7525349
7526233
7526826
7527150
7527670
7528218
7528856
7528913
7531662
7535377
7536285
7537492
7537616
7541905
7542866
7543627
7544327
7545559
7545960
7546150
7546170
7549129
7550194
7550474
7550655
7551785
7552091
7552568
7552628
7553483
7555125
7555260
7555866
7555955
7556843
7558225
7558557
7560131
7561187
7561348
7565388
7567404
7567494
7567598
7568615
7569408
7570004
7570771
7572658
7576567
7577010
7579392
7579416
7580201
7583233
7584983
7586088
7587665
7593947
7594578
7597169
7598152
7598771
7599293
7599975
7600291
7600601
7600922
7601202
7601713
7601772
7602022
7605894
7606927
7607146
7607495
7608069
7608757
7611717
7613372
7613626
7614172
7617567
7618293
7620335
7621286
7621433
7621548
7622475
7622939
7623372
7629247
7629680
7629992
7630599
7631417
7631840
7633049
7634994
7635071
7635274
7636591
7637863
7638239
7640802
7641375
7641815
7642925
7643014
7644392
7644609
7645313
7646650
7646772
7647561
7647832
7648730
7648878
7649215
7649481
7649526
7650705
7651801
7653468
7653616
7653679
7654506
7655370
7658430
7658459
7658536
7658604
7660085
7661148
7661580
7662170
7663112
7664649
7664906
7665238
7665884
7666385
7666456
7666847
7667259
7667841
7668497
7669168
7669661
7670697
7672026
7674059
7675148
7676686
7677269
7677339
7677397
7677964
7678785
7678833
7678963
7680464
7680468
7681492
7682189
7682667
7684663
7688113
7688974
7689846
7691520
7692318
7693635
7693814
7695785
7696685
7696733
7697266
7701136
7701562
7701844
7702596
7706742
7707593
7707895
7708338
7711843
7712147
7713093
7714395
7714509
7716027
7718687
7719857
7721433
7721971
7722445
7723390
7725400
7725469
7726095
7726628
7726858
7727222
7727518
7728133
7728943
7729863
7731568
7733418
7734982
7737298
7738252
7738284
7739353
7740142
7747492
7747529
7748478
7750302
7750350
7750781
7755662
7755822
7755914
7757102
7757403
7758586
7759448
7760670
7763094
7764032
7764311
7764484
7765630
7766744
7766868
7769002
7769998
7771470
7772754
7777334
7777749
7778906
7779697
7781140
7782219
7782361
7782375
7782428
7783122
7783780
7783986
7786404
7787591
7789212
7791289
7791311
7792104
7792186
7792602
7794509
7796304
7796802
7797310
7799096
7799234
7799753
7802432
7802863
7803494
7803673
7806093
7807475
7809402
7810705
7810795
7811742
7811889
7814142
7815221
7817799
7818309
7818480
7819974
7820537
7822354
7822572
7825694
7827774
7829042
7829641
7830613
7830811
7831215
7831560
7832452
7833084
7834656
7834965
7838618
7839037
7840497
7841079
7842109
7843436
7843531
7843612
7843937
7845395
7845829
7846529
7847595
7848978
7850096
7850126
7851721
7852038
7854885
7855880
7856528
7856936
7857530
7859667
7859788
7864025
7866393
7867335
7867618
7868427
7868869
7869769
7871210
7871815
7872945
7873867
7875207
7875248
7876308
7877930
7878221
7878351
7878398
7878733
7879733
7880723
7881675
7881876
7882712
7885917
7890073
7890203
7890329
7891093
7891713
7892793
7893040
7893487
7895277
7895838
7897251
7897857
7898257
7898650
7901080
7903787
7903814
7904831
7905657
7905812
7906405
7907941
7908075
7909201
7909265
7910359
7911032
7911483
7912960
7915910
7916219
7916837
7917803
7919025
7919349
7919418
7919945
7920035
7920070
7921394
7922599
7924658
7924867
7926129
7926758
7927837
7928547
7929230
7929433
7931912
7932379
7932816
7934383
7936943
7938056
7938650
7939855
7944093
7944419
7944689
7945045
7945147
7945236
7947649
7949132
7949448
7950742
7950797
7951883
7951952
7952020
7956089
7956966
7957309
7957365
7957660
7957772
7959108
7959909
7960264
7960999
7963163
7963564
7964534
7967003
7967768
7968538
7968940
7969943
7971296
7971302
7972435
7972450
7973787
7974242
7974386
7977258
7979094
7979200
7981022
7981176
7981324
7982404
7983549
7986967
7987424
7987869
7990999
7991156
7991421
7992227
7992262
7993435
7994594
7994999
7997109
7997974
7998410
8000013
8000767
8001124
8001377
8003833
8004291
8006038
8006249
8009855
8010097
8010937
8011581
8012378
8012870
8016389
8016675
8019155
8020583
8020929
8021500
8021816
8022064
8022470
8024151
8025539
8026754
8027457
8031082
8034801
8034920
8036505
8039187
8040079
8040783
8041286
8043481
8044066
8047510
8048163
8049375
8049608
8051110
8052535
8054227
8056624
8057541
8058435
8058592
8059753
8060780
8061520
8062546
8064945
8065372
8065895
8068709
8070011
8070920
8071518
8071910
8072750
8078039
8078323
8078815
8080031
8080811
8081406
8081726
8082002
8086305
8086632
8087191
8088623
8089074
8089955
8090685
8090690
8090948
8091304
8091795
8093628
8093939
8094230
8094845
8096510
8098837
8099061
8101253
8106374
8107221
8107253
8107878
8112735
8113520
8116469
8118789
8119896
8120322
8120729
8121262
8121581
8124447
8124894
8126131
8126166
8126917
8127562
8127611
8127661
8129281
8129579
8130239
8135412
8137073
8137094
8137648
8138011
8138457
8139968
8141102
8142228
8142458
8143064
8143633
8144457
8145422
8146046
8146897
8147552
8148745
8148756
8149582
8150312
8152465
8152576
8152980
8156312
8158582
8158925
8162688
8163498
8164942
8165106
8166037
8166221
8166386
8166456
8168191
8172171
8172225
8173660
8173879
8174294
8175754
8175966
8176070
8176701
8177770
8180716
8182140
8185635
8186836
8187574
8188100
8188516
8188693
8189905
8191894
8197076
8198467
8198509
8199240
8199330
8200415
8200936
8202159
8202597
8203485
8203987
8206470
8207282
8207946
8208172
8209749
8211141
8212062
8213161
8213992
8215119
8215676
8216000
8216906
8218215
8218540
8219976
8221879
8223666
8224103
8224240
8226152
8226271
8229546
8229958
8230392
8232462
8233030
8233242
8235716
8236161
8236546
8236566
8236575
8236615
8236988
8237018
8237533
8238205
8238760
8239772
8240166
8243599
8243737
8245000
8245883
8246850
8248458
8249030
8249735
8250049
8250066
8250846
8251508
8252423
8253702
8254870
8255581
8255711
8256964
8257577
8258337
8260049
8262194
8262230
8264811
8264854
8265698
8266079
8269054
8274322
8274760
8275081
8278910
8279486
8280445
8283452
8284236
8286544
8289108
8290154
8290454
8291848
8293272
8296479
8297507
8300222
8300352
8300355
8300868
8302757
8302821
8302949
8303045
8304154
8305670
8306416
8307428
8308029
8308054
8308885
8309382
8309583
8309698
8309886
8311108
8311206
8311452
8312733
8313811
8314264
8314467
8314544
8314839
8316715
8317227
8321593
8321657
8322355
8323644
8325315
8326061
8326562
8327926
8328893
8329343
8329374
8330388
8331845
8335791
8337778
8337801
8338543
8340779
8341110
8341238
8341664
8342393
8343501
8343775
8343863
8344461
8344908
8345339
8345342
8346055
8347071
8347535
8347822
8348176
8348714
8350623
8352339
8353796
8354558
8357012
8357407
8357464
8358171
8359614
8359751
8360734
8360746
8361477
8362540
8362644
8363878
8365613
8366173
8366370
8366868
8367110
8367509
8368854
8368893
8368979
8369248
8370046
8371305
8371643
8373554
8375444
8375642
8375864
8378009
8378040
8379391
8382433
8383675
8383823
8384036
8384751
8384833
8388215
8388313
8388711
8390249
8390395
8390599
8390918
8391304
8391347
8392658
8395576
8396185
8397545
8401199
8404007
8404660
8404678
8405875
8407057
8407448
8407556
8409021
8409510
8410763
8411956
8412826
8413289
8413923
8415736
8416282
8416504
8417086
8417537
8420062
8422733
8424369
8424912
8425116
8425153
8425536
8426597
8426860
8427070
8428170
8429740
8430296
8431615
8433975
8434603
8435302
8435715
8435823
8436213
8437620
8438967
8439653
8441229
8443604
8445816
8447223
8447903
8449829
8449884
8449937
8450480
8451152
8452845
8453518
8453947
8454119
8455148
8456242
8456652
8457086
8458153
8459035
8459360
8460540
8460582
8461081
8461254
8463801
8464611
8465119
8466392
8466752
8467413
8467547
8470916
8472703
8474527
8475743
8475901
8478646
8478702
8479098
8479378
8479700
8481733
8482633
8483503
8484464
8485104
8486073
8486628
8488790
8490735
8491783
8493710
8493853
8494912
8497267
8497524
8498963
8501555
8502324
8504690
8505225
8506164
8506833
8510146
8510904
8511795
8512128
8513141
8516797
8517088
8518594
8518896
8519394
8519727
8520845
8524109
8525307
8526258
8526318
8528068
8528114
8528719
8530074
8531159
8534423
8537801
8538961
8539377
8539833
8540642
8540669
8540870
8541339
8541982
8544161
8544191
8545312
8545570
8546162
8547635
8547660
8548009
8548660
8548702
8550914
8551683
8552222
8554468
8554987
8554993
8555270
8555525
8556956
8558632
8561060
8561222
8562081
8562621
8563192
8563324
8564019
8565137
8565141
8565153
8565338
8565381
8565409
8565561
8565906
8569604
8570091
8572223
8572858
8572967
8573857
8573915
8574113
8575278
8576339
8576766
8577606
8578444
8580543
8580640
8582735
8583677
8585729
8585971
8586383
8589076
8591649
8591715
8591970
8599232
8602228
8603328
8605458
8605820
8606550
8607533
8607963
8609274
8610018
8610667
8613191
8614883
8617007
8617338
8618600
8618852
8621466
8621486
8622035
8622316
8623315
8625619
8627592
8628783
8628873
8632787
8633680
8634214
8634224
8634935
8635026
8635206
8638438
8641258
8642586
8643624
8643845
8644318
8644512
8646134
8646211
8648348
8651007
8651320
8653472
8655820
8656932
8657068
8657151
8657514
8659669
8661427
8661976
8662584
8662655
8663422
8666078
8667102
8667650
8668602
8673532
8676311
8678914
8679992
8680292
8681685
8683038
8684182
8684246
8684719
8685486
8685801
8686044
8686712
8686761
8690121
8691004
8694088
8694472
8695093
8695408
8695498
8695906
8696259
8697163
8698394
8700013
8701742
8703018
8703024
8707027
8708807
8711623
8711891
8712936
8713426
8713952
8713996
8714132
8715285
8715991
8716275
8716796
8716809
8716907
8719808
8720747
8721040
8722211
8722816
8723077
8723342
8724075
8726270
8727632
8727940
8728772
8729821
8731580
8731918
8732088
8733593
8737325
8737393
8738224
8739491
8740605
8741974
8743441
8744152
8745330
8746142
8747774
8748053
8748514
8750875
8751457
8752408
8755362
8755487
8755857
8760119
8760344
8762404
8763718
8763887
8764974
8765128
8765417
8767702
8768744
8769779
8771295
8771694
8772167
8772292
8772457
8774380
8774590
8775943
8777136
8778107
8778718
8779281
8781456
8782144
8783573
8786226
8787525
8787713
8789535
8790699
8792099
8792607
8794042
8794266
8794600
8795340
8795960
8800132
8801670
8802304
8805212
8805322
8806152
8808036
8808747
8808798
8809301
8809575
8810733
8811241
8811837
8812779
8813371
8813565
8814019
8814354
8816524
8818331
8818560
8818573
8818651
8819310
8820391
8820823
8821706
8822507
8825845
8826243
8827719
8827806
8829422
8830284
8830825
8831481
8832017
8832919
8833017
8834634
8837700
8838003
8838028
8839311
8841025
8841455
8841836
8842154
8842192
8842301
8843268
8844804
8846053
8846138
8847065
8847459
8847476
8848893
8848921
8849438
8849490
8850045
8850554
8852801
8854798
8857727
8859471
8860862
8861849
8862858
8863016
8864521
8866355
8866512
8867099
8867788
8867793
8867933
8870633
8871678
8874063
8875406
8876305
8879070
8879224
8879374
8881045
8884652
8887106
8887547
8888413
8889695
8893188
8893223
8893409
8894392
8894576
8894601
8896006
8897963
8898704
8898875
8901057
8902699
8903420
8903560
8903631
8904739
8905359
8905799
8906111
8906359
8907118
8907238
8909604
8910241
8910455
8911229
8911595
8911858
8912710
8913642
8915313
8915719
8917439
8919761
8920205
8922652
8923075
8924378
8926032
8926592
8927979
8928626
8928906
8929095
8929227
8929611
8929679
8930293
8930518
8930641
8932143
8932434
8933918
8934473
8934676
8935258
8935285
8937462
8937860
8938136
8938411
8940023
8941356
8941802
8947022
8947382
8949648
8949770
8949776
8949839
8949983
8950362
8950429
8951456
8951488
8952651
8953425
8954028
8954293
8954717
8959162
8959504
8960718
8962280
8968231
8968538
8971060
8971163
8972166
8972168
8972191
8974634
8976242
8978157
8979586
8983506
8984673
8987685
8988010
8988647
8989824
8991742
8993796
8996507
8997218
8997277
8997327
8998133
8998777
8999662
8999976
8999990
9001065
9001166
9001438
9002902
9003446
9004674
9005425
9006511
9008863
9009148
9010385
9010501
9013483
9013721
9017112
9017201
9017785
9018542
9018662
9019133
9019607
9019948
9020273
9020286
9022536
9022721
9023826
9024019
9024176
9025104
9025136
9025511
9026173
9026916
9027246
9027941
9028277
9030479
9031501
9031716
9033026
9034480
9035079
9035106
9036812
9039268
9041954
9043595
9045143
9045175
9045972
9046907
9047831
9048125
9048575
9049137
9049275
9049573
9050306
9050381
9050743
9053883
9056377
9056929
9057494
9058035
9058530
9058731
9059255
9060674
9061203
9062046
9062048
9063099
9064093
9065019
9068020
9068880
9071616
9071652
9072994
9073909
9075991
9076794
9080740
9081500
9082040
9082567
9083112
9084661
9084836
9085374
9086669
9087294
9089826
9089995
9090607
9090773
9091048
9092554
9094600
9095345
9095506
9096441
9097418
9098816
9102551
9105446
9108380
9108402
9111341
9111410
9111841
9112463
9112769
9113459
9114218
9114434
9116051
9119041
9119573
9119594
9119895
9120263
9120730
9121333
9122641
9124700
9125399
9126358
9127812
9128192
9128795
9129932
9129986
9130648
9130989
9132168
9132350
9133014
9134914
9134998
9135484
9136102
9137029
9138224
9138934
9139853
9140321
9140565
9143941
9146547
9147409
9149601
9151072
9152074
9153324
9154659
9154901
9156138
9156872
9157597
9160727
9162742
9162982
9164974
9164974
9166795
9168118
9169611
9170835
9171333
9171572
9172089
9172692
9173305
9174162
9175075
9175534
9176566
9177587
9179018
9180557
9182808
9182950
9183058
9186755
9189344
9189752
9191977
9195949
9196914
9198309
9200878
9203024
9204167
9204436
9204971
9205046
9205345
9205465
9206965
9207595
9207838
9208301
9208919
9209213
9210108
9210548
9210989
9212026
9212938
9213476
9214055
9214296
9216254
9218649
9221922
9223424
9226072
9228778
9229193
9231192
9231562
9231576
9232298
9233264
9234251
9234349
9234589
9234893
9236575
9238142
9239085
9239403
9239829
9240086
9240193
9243790
9244343
9245521
9245534
9246770
9247586
9247830
9248491
9249144
9249709
9249727
9249757
9250194
9250650
9252109
9252927
9253041
9253923
9254455
9255285
9255761
9255959
9256678
9256814
9258842
9259858
9260445
9260776
9261031
9262428
9262475
9262614
9263136
9265032
9266821
9267696
9270754
9271015
9271085
9272388
9272959
9273106
9274210
9274850
9275053
9278498
9278950
9279298
9280489
9280701
9280888
9280896
9282246
9282554
9283139
9283439
9283439
9284634
9285460
9286075
9286650
9287600
9288146
9289845
9290925
9294071
9294461
9294731
9297127
9297633
9298228
9300124
9300753
9300917
9301099
9301559
9302272
9302957
9303537
9303637
9303841
9304236
9304506
9306376
9306560
9307024
9307417
9308909
9308923
9310726
9312446
9312970
9315805
9316358
9316815
9317191
9317517
9317657
9319096
9320602
9322231
9322450
9322500
9322572
9324846
9325185
9326384
9328455
9328843
9328994
9330697
9331136
9331865
9332821
9336166
9336543
9336713
9338019
9338251
9338753
9340429
9340545
9340578
9341057
9341173
9341498
9342541
9342728
9343289
9343675
9344174
9344328
9344402
9344901
9345748
9346975
9347637
9350415
9350648
9350823
9353175
9353627
9353634
9353910
9353931
9354088
9354115
9354435
9356330
9357386
9357806
9358431
9358676
9358987
9359154
9359588
9360309
9361245
9362097
9362254
9363700
9364040
9368656
9369362
9369472
9370629
9372797
9376078
9378853
9379568
9380706
9380775
9382253
9383956
9384078
9384763
9385009
9386046
9386347
9387224
9388921
9389012
9390348
9392229
9392755
9393344
9393680
9394978
9395059
9397079
9397317
9399304
9400937
9402372
9403061
9403588
9405538
9405896
9406735
9406995
9408495
9409633
9410527
9410783
9410944
9411792
9411885
9411969
9412777
9413463
9417046
9417674
9417766
9418346
9418856
9418946
9421031
9421113
9422200
9424350
9424947
9425598
9426631
9427758
9427871
9430414
9433672
9433978
9436017
9436681
9436743
9436792
9438580
9439889
9440171
9441690
9442187
9442415
9442511
9443026
9443027
9443480
9443842
9444205
9445659
9447193
9447490
9448699
9450791
9450911
9451138
9451184
9452122
9452256
9453218
9454246
9455238
9456383
9456569
9456901
9458128
9459386
9461461
9462240
9462673
9463659
9464679
9466769
9467068
9469147
9469696
9470167
9470227
9473009
9476251
9477316
9478075
9479855
9481206
9481478
9481756
9483329
9484427
9484573
9485749
9486062
9486181
9487418
9487910
9488350
9489076
9490165
9490338
9491640
9491895
9493772
9494511
9494635
9495378
9495967
9497020
9497349
9498403
9498551
9498851
9499653
9501145
9501578
9505153
9505348
9506543
9508912
9508991
9509064
9512148
9512565
9513124
9513393
9516172
9516554
9516962
9517304
9517404
9517941
9518038
9518556
9518892
9519409
9521685
9523383
9523866
9524165
9526335
9526371
9527889
9528046
9528586
9530816
9530929
9531747
9533353
9534170
9535253
9536556
9538127
9538627
9539958
9540682
9541078
9541833
9542386
9542836
9543517
9544778
9546778
9547359
9547521
9547568
9550836
9551168
9551775
9552473
9553716
9557193
9558134
9558598
9560549
9561588
9561646
9562012
9562643
9563264
9563524
9564945
9568328
9568629
9568825
9570774
9571560
9573511
9573578
9573589
9575276
9575366
9576531
9576955
9577202
9577382
9577385
9577825
9577861
9579205
9579439
9584184
9584253
9585066
9586181
9586554
9587140
9588201
9590918
9592948
9593799
9593865
9594343
9595972
9596178
9598418
9598542
9599542
9599858
9600351
9600648
9601310
9601413
9601751
9601808
9603454
9603630
9604734
9605405
9606016
9606231
9606462
9609142
9609719
9610007
9610737
9612983
9613448
9613558
9616258
9617244
9618626
9618809
9621926
9624496
9624718
9625149
9625596
9626103
9629336
9629899
9629992
9631165
9632878
9634659
9634986
9636064
9637450
9637674
9637898
9638540
9639054
9639323
9639498
9640491
9641862
9643569
9643699
9644039
9644455
9644580
9644784
9644798
9645817
9647687
9649892
9650254
9650650
9652276
9653509
9654723
9655711
9656098
9659411
9660897
9662252
9662317
9663195
9664856
9666074
9666911
9667187
9667317
9668144
9668814
9670733
9671236
9671310
9671581
9672585
9673333
9673427
9673566
9674106
9674223
9675530
9675683
9676166
9677308
9679731
9680682
9680769
9681186
9681271
9682509
9685163
9685258
9685716
9687393
9689771
9692372
9694338
9694886
9696065
9696507
9697889
9698810
9698996
9701292
9701328
9701974
9702046
9702314
9702634
9703376
9704251
9704382
9706604
9707969
9709814
9712376
9713601
9715864
9716042
9716809
9717667
9717978
9719755
9721489
9721572
9721607
9723687
9724722
9725980
9728095
9728796
9730350
9731860
9732674
9732977
9733466
9734372
9734638
9735520
9736404
9736670
9738351
9738401
9739033
9739690
9740895
9741235
9742894
9743026
9743854
9744838
9745017
9745091
9748025
9748419
9755634
9756621
9757036
9757217
9759929
9760260
9760472
9760770
9762794
9762973
9763445
9764446
9764648
9765182
9766552
9766732
9767919
9771347
9771867
9773046
9773707
9774678
9775843
9776663
9780923
9781111
9781140
9782234
9782549
9782557
9782912
9783045
9783432
9784762
9785201
9785584
9785870
9785915
9787091
9787716
9788039
9789734
9789745
9790274
9792662
9793137
9796193
9796235
9796367
9799470
9799628
9801375
9801906
9802059
9802082
9803957
9804919
9806155
9807187
9807857
9807955
9812189
9814009
9817388
9818502
9820437
9820508
9821081
9821977
9822142
9823474
9824504
9824686
9825928
9829653
9834142
9835016
9835435
9835899
9837931
9839321
9839939
9840746
9841472
9842233
9842744
9842947
9843310
9844237
9844739
9845657
9847696
9849060
9849630
9852293
9853775
9856190
9856280
9856288
9856520
9858221
9858374
9859119
9863079
9863491
9863657
9864976
9865847
9866350
9866680
9870736
9871217
9871581
9872857
9874113
9874701
9875498
9876631
9876710
9877018
9877788
9878059
9878835
9881558
9882376
9882862
9883099
9884361
9885518
9887115
9887359
9890061
9890423
9891417
9893646
9894185
9896193
9896833
9897169
9897568
9898210
9899159
9899599
9900390
9901076
9901378
9901812
9902244
9902417
9903585
9904097
9906250
9906776
9906869
9907195
9907204
9907452
9907631
9907816
9908009
9908523
9908722
9910202
9910652
9910973
9911710
9913420
9914647
9915818
9918410
9921966
9925628
9926431
9926781
9927194
9927659
9927778
9928843
9930267
9930334
9933030
9933374
9933642
9933975
9934690
9934985
9935951
9937094
9942251
9945169
9946145
9946305
9946686
9948953
9949544
9949794
9952550
9953162
9953379
9955062
9957726
9958632
9958661
9960939
9961839
9963670
9965736
9966331
9967396
9969051
9970149
9970541
9970953
9971303
9971389
9972720
9974777
9974971
9976751
9979540
9979668
9979940
9981273
9981503
9981568
9982803
9982983
9983447
9983451
9987348
9990055
9990796
9991532
9994087
9997750
9998452
9999869
